10
2
0 1 2 3
3
4 5 8 1 9 4 1 7
4
55 93 67 79 40 57 40 45 48 74 74 45 75 100 63 3
4
511 584 273 571 93 142 639 825 423 764 516 429 651 411 13 740
5
49 49 29 29 3 4 39 36 35 50 15 41 33 26 11 1 10 17 3 34 22 50 10 29 47 42 48 29 3 36 30 38
10
3216 751 9345 4452 9980 7109 4821 8198 792 8984 9115 9207 2421 4097 5177 1616 5843 4230 943 3256 8442 7311 6420 7709 8537 7260 7540 1498 8876 5575 4677 1855 5374 4387 8413 3900 9838 9135 629 718 1421 4406 2986 782 7843 7254 550 6696 4536 8441 6307 5474 5968 7400 7438 8752 7742 2915 4170 3312 78 9332 26 1659 6048 2854 9656 9495 8106 4831 3927 6579 6533 1180 6557 2466 7670 3265 8744 2525 8905 5377 1002 9528 8346 7881 1131 7441 4977 4017 33 1686 4205 2518 5106 601 4304 7720 2380 5847 5541 586 2557 427 5338 3821 214 6541 2169 5800 3871 7917 3929 3475 64 2962 4155 8887 3125 8367 2006 481 890 226 8749 9363 140 7376 8934 3990 6702 2826 2705 7400 9637 8047 2176 5608 3446 9298 5557 3037 8729 6914 6095 8075 5343 3810 4283 447 8125 6891 1745 9566 3791 2414 4743 597 3776 4794 869 3880 7812 154 7092 8872 9516 5983 6860 7260 8022 3756 3990 8530 5160 8538 2541 7601 6982 2232 4055 5592 3921 1891 8276 5453 7619 5343 2731 2550 5750 6290 6789 8886 8960 6129 455 3498 1751 6563 6492 175 1217 1770 3990 5291 2973 9546 420 8786 5482 5108 1340 8810 3277 7150 8180 4512 8535 8048 5291 625 186 4561 4491 269 6100 9662 3703 7278 6791 433 6182 4617 501 5032 2705 5887 485 3134 9463 8205 6876 4322 8715 9932 2434 9228 7368 832 5688 6834 5237 2370 9600 5407 7572 6057 7732 2401 9218 6507 5388 5548 8388 9227 2031 8660 710 9879 5953 7315 1565 3109 3757 2668 9535 4830 6229 6626 5115 8609 1785 5120 9950 8449 406 3220 1336 3351 5251 2326 7242 9531 8244 3403 6922 9333 7016 1618 6215 8663 7105 6247 5566 2122 8990 6969 3778 9884 7448 2500 218 4680 2739 4030 8261 2234 4951 8194 7638 575 2491 3940 610 136 2077 7695 1888 225 6631 9342 7395 1468 6653 4223 1774 1829 5384 8791 6248 8897 130 9450 3244 8469 5586 4815 4204 9601 7499 8348 4192 8501 9750 5038 3424 1864 9105 953 1721 9516 8650 6607 2895 3968 9033 3877 7402 9836 6344 4338 6055 7090 7967 4932 794 6281 3867 1 5640 7118 2350 1172 3637 1214 8353 2447 1313 732 6529 232 9802 4425 2420 4123 5995 4906 5739 6399 305 2976 3995 4506 5877 8320 3064 5597 7947 7935 9647 1645 7357 9267 5577 4418 1640 7705 1818 3638 2289 5854 2879 9059 4931 3910 4903 9774 7599 8326 9389 8745 4302 9267 1500 2688 4039 4580 9744 1719 1828 1819 3854 6967 6734 8647 1166 2545 3071 1106 1332 9980 4657 7225 8093 9428 7666 5064 7620 6365 838 8707 5085 5380 1674 4328 543 4481 7398 1633 4970 2892 520 9909 4240 6144 6205 8819 5196 363 1276 3148 9380 4648 6878 9607 4340 4907 5148 918 4588 8734 9539 2575 1787 4860 8441 4122 7139 3904 2459 6337 2834 130 3302 1922 7686 4247 7211 6729 1600 1742 7999 9187 7214 2412 426 9491 3575 4328 9748 5241 9401 2208 4848 6677 941 634 262 4103 9193 7389 8912 5959 6997 9420 4427 1916 9427 8954 90 6356 9541 8052 7853 5970 4801 5488 8519 3871 1556 2601 6094 8046 747 9338 5100 4161 9483 3815 4987 5182 2590 399 6868 7589 3426 3402 8099 4915 4055 9476 9902 2048 800 3461 2939 2126 2756 5121 1746 53 5677 1164 6072 9836 1149 9029 3402 9007 4846 282 4657 3231 3124 4233 6270 5384 8290 9666 5118 3225 9827 6396 4178 8456 4910 9060 7364 2956 3568 316 9683 2629 8298 9623 4369 941 4858 270 2614 295 4256 5587 6368 1643 4148 7886 1287 700 9281 5093 7809 5202 3592 6280 9462 7017 9134 1523 1229 2609 8668 6154 4071 9138 3666 5261 7098 4815 9868 1015 6945 3011 6557 3364 163 2385 2209 8384 7514 1024 4126 1949 9934 6568 1235 2440 156 2501 8956 6183 7469 2462 6500 3998 8281 8106 2733 3250 7237 8442 3363 8371 3248 5459 3378 8593 8303 5902 9669 8567 9281 171 1126 1628 8209 8199 4970 3264 9021 8933 2154 9764 3893 1776 4524 6847 2554 2906 7922 8009 2202 9369 4015 2199 7568 5133 756 1599 5752 9592 7746 1891 4064 830 7336 7830 9933 2076 2801 2005 6939 4039 4740 6724 8614 7668 5616 3953 3962 3323 6379 962 7597 3818 1985 4278 3367 5510 7256 7328 2546 3479 2700 1708 4289 8608 3193 6157 3575 813 5265 3990 5425 1127 5591 7242 5049 3353 2263 7282 1478 9270 9276 6692 3315 1365 6883 7630 3878 2487 9417 8279 1112 1008 5456 6960 5063 7438 208 577 9542 4165 7804 6740 7886 2871 5342 4561 9323 4971 4909 4936 3582 2039 5933 3313 2644 6406 8469 3474 2933 344 2130 1377 8771 125 5339 4163 3316 6612 7606 3949 2505 1164 5985 5909 785 4433 636 8317 4385 451 9255 1784 1254 7635 2200 5378 1465 4038 5570 3026 3527 1334 499 5334 7905 3021 110 5058 875 2806 3732 9019 7995 6126 5554 3916 8804 6809 8947 6093 9725 4321 9963 4962 3456 2212 9314 411 5872 6529 5499 3225 1280 2416 1065 687 1181 5795 5148 6615 2994 9868 9189 6372 9234 5463 866 3653 6087 4751 3424 9642 61 2036 318 1102 2457 9799 1323 1142 7901 816 1628 6102 5358 9388 5467 7410 5431 7542 9623 8676 6703 6258 956 8613 4775 6582 6373 5741 6917 9293 4962 5281 5443 8982 608 9621 3185 1038 3317 5199 6886 4518 2807 7556 655 6478 1761 6187 7327 6898 5743 2309 2857 5064 4148 4243 654 6174 3253 4117 1032 5658 2736 5158 8537 217 3673 9213 4287 1773 7784 2473 5372 8921 6728 2694 9862 4757 5135 96 9867 3470 5738 5468 9100 4229 5836 6093 6809 3145 3746 174 7217 9654 4753 8082 3555 3811 6204 2256 2731 8411 7178 399 5918 130 4077 1005 4144 4359 2269 4594 2441 9230 1442 6238 9830 1660 2001 1282 2043 1542 4552 4054 7920 9873 6166 5770
5
990099 26005 17007 487715 643556 238426 325322 113374 301201 959049 361465 910133 97711 452556 210286 99271 689498 555450 890073 856369 704544 376970 515922 521216 56925 111887 638009 38905 891663 135045 234732 693372
6
34871 47612 3444 27216 30036 27623 18150 49560 42746 48184 26774 4798 41922 33045 16578 3775 41194 45104 42474 9235 5002 22590 612 25876 31951 26242 30574 26899 46661 49446 33057 30040 30285 36301 28509 30497 34646 21682 14826 4078 47392 45599 1548 2193 10937 22155 16461 46088 15089 25004 48063 24709 29486 15964 19425 38606 32467 41673 21634 9528 7251 278 16905 46675
1
11 21
13
570424 854603 859965 975506 412964 779764 804272 560446 67084 136745 757716 61052 738336 876142 705801 320128 995666 676812 1437 328514 114308 732706 93155 51249 509901 958644 577999 261686 774226 371539 804582 460184 271948 570070 58245 92798 51712 353435 350404 802760 539925 298087 666092 781602 421841 852075 292203 562429 425098 536544 783787 120223 248 159301 515716 584088 409110 320471 237351 269745 904842 511484 593785 312956 117436 221652 358825 415293 654258 983783 412195 431090 266600 12163 199172 619225 858332 917248 390616 618576 115894 207596 804146 827026 914290 648130 212433 600915 214429 943259 880572 121006 327966 901809 81021 225800 174575 923270 33304 875482 239635 688436 854649 16891 767199 293000 506546 7237 223466 849064 186825 337726 784078 887318 736186 833297 972641 288082 728254 385917 78182 478289 569636 856096 56217 847664 557460 845234 698183 739608 894891 197129 828175 492640 852165 98189 47584 746506 354396 842800 206155 839756 684690 117517 441473 515548 893010 31199 523962 991351 171906 523800 452261 867930 234903 150271 844399 990064 587178 236462 127380 868653 975250 492869 560131 429858 50198 285356 51105 90238 191243 683422 170866 692525 600534 125587 72417 851809 270799 562921 763969 228562 209221 995645 105576 11827 804236 381756 862254 803388 748881 240371 585324 726325 637648 454412 472422 603728 596383 714460 599384 566658 691912 551209 901453 760712 368331 168571 992526 709029 682719 260769 126505 450333 545991 378873 747532 428814 563057 381314 579596 406644 118311 493060 278034 367907 788494 719122 451534 302687 606411 898383 156010 679777 986443 418274 976905 846588 642225 157757 481221 491550 948151 179912 890380 177036 334070 105648 23341 451067 363058 269269 900686 166861 453715 812312 358721 561715 493311 356947 522603 576719 318928 254606 232295 308181 674338 24504 926037 681476 106217 54845 842296 645714 904672 959942 597327 988046 562250 791075 803279 134144 825307 306090 939997 857944 474810 870954 720920 100752 874833 902983 908104 908693 852930 487734 98469 432126 640187 443334 225538 381633 754206 245492 50316 204302 681222 742508 474473 41809 655674 56589 848626 711383 550643 174667 305123 928634 229625 18087 4835 760148 446002 14316 231533 99780 232794 222326 667051 669707 673484 578442 732441 347753 787299 330117 552366 140914 901509 878304 525468 48078 562775 44293 920126 476529 138086 950583 249106 32894 325389 816247 290721 525939 134378 426261 183353 916401 226380 26600 94742 752638 37754 791355 691487 795431 536598 952885 720620 673068 754334 159979 653334 591925 855697 137373 984130 962700 650445 972124 487826 730715 614656 537521 990149 450774 776247 21046 403902 797165 567670 954259 620671 132155 376852 826627 818746 615950 786903 488870 406917 976121 600599 159174 715126 503428 435767 585498 486744 945377 893035 346955 659163 793497 921531 626860 870951 145434 323767 789246 599373 470233 862635 72758 217936 454600 151234 38789 183457 45840 864242 397551 838052 717852 359141 419988 935273 124475 282916 859721 441 117476 691537 603336 313836 771120 251979 344433 40022 254903 898635 136589 465342 494416 274874 594804 407405 722787 257132 811177 602916 305015 914570 554762 862494 260281 191692 676954 567738 536860 259939 872685 87380 381699 711912 851390 712836 88889 365630 3537 704217 908462 59073 561097 374105 762751 721745 225989 544800 660761 167585 217875 359655 670420 741837 254231 845900 123066 992745 80390 558272 944565 911082 599417 160791 845911 45505 979756 37852 101269 61380 49743 320895 36283 709283 676998 758239 692266 542629 721096 334799 399647 30944 581550 579438 446979 142494 207532 786366 693635 274943 858813 54867 642268 538787 952974 199362 721020 770700 721248 333680 381625 332065 371470 947438 822554 752153 733870 61011 200130 644927 371744 684526 76416 756111 349335 525553 578087 618359 282880 228955 891580 807592 214854 500821 691499 740297 694110 369719 164014 57276 468932 787554 863897 198710 473999 862234 306279 542086 528475 723178 231289 423210 558852 358875 860649 831388 48110 226968 392916 931675 156130 267042 651830 672792 555465 415407 948245 35368 569668 949737 61943 414747 5779 737389 765906 916348 918524 196518 691861 976297 744882 408416 92898 366556 315181 477195 657225 25260 577051 402993 819178 133003 951104 522920 26713 267013 618871 650454 428131 998512 291569 68160 273443 151455 480945 82257 551365 837093 252314 138989 842386 899762 601713 802510 842065 562374 443674 3628 888296 950209 12125 663672 782837 644629 101481 422909 711810 289658 859331 881229 553445 893801 315737 744952 753876 524303 369101 564850 132868 474381 495953 365935 281597 915244 197722 35345 645295 310678 357524 138711 49617 696888 805755 386974 728446 238696 458629 662782 779051 916677 94374 53034 449585 834799 118200 476356 346371 347272 356804 29252 224307 278668 74247 184161 359376 590202 451459 191662 745620 53396 977614 863950 405459 309853 608604 357665 595015 576789 492215 269016 728591 361191 706149 697015 899953 723335 374885 889480 116438 156873 108657 218458 247672 560633 695420 340197 342796 887426 206915 151798 306103 30419 694370 863085 478733 957764 168626 183607 460480 664765 822346 970033 714171 818987 917600 426716 359171 574355 958430 273434 75264 380041 364595 823208 116857 203745 236185 685081 425950 383606 191139 390447 738505 804539 834547 743083 648624 305890 260144 384284 533030 758509 98659 848876 511132 332118 954425 127424 246235 760321 782122 929845 545255 742207 204111 682494 695378 984078 140269 376709 10929 262254 469775 511158 306094 646265 464860 924861 264318 594579 993913 506432 277995 92444 424363 287435 191949 860912 793642 616401 269495 741958 395380 830036 159553 317296 391807 521796 382636 451493 482240 764549 969920 281783 508759 217110 390571 106795 816302 795899 687491 311411 718688 892387 971973 849464 61996 643131 346989 859119 883325 279788 276483 674204 746227 403372 417532 323073 581947 830657 561766 549606 824163 41071 762790 301601 995303 55597 591470 381390 21578 371161 938678 649842 584321 551398 58211 603547 486753 660752 216858 940495 618818 143997 798204 541436 583441 753528 19683 97216 732935 879112 925770 445277 256719 281972 471205 29393 345031 746395 293241 125468 238611 118146 706380 65444 508132 526445 942694 889757 648444 696153 495606 831421 45839 801636 280226 237868 615226 61794 199880 563825 257450 444180 194344 434053 271831 395037 376913 586432 390716 779705 914247 838293 656694 164689 401813 515121 628817 452827 970925 334120 595543 983954 429421 250896 491557 339202 582625 405963 801613 253170 979409 707173 856052 296752 463142 14944 599486 116572 285567 320478 977669 615650 933303 844333 860177 834156 323876 235077 425309 693391 48307 4306 603291 622924 142915 417676 383241 702166 330486 737472 958037 507913 470548 952018 771715 971336 161771 876854 628308 953932 950096 481105 200858 457072 250470 779981 165106 984531 456833 627935 915500 511184 621646 796957 609919 802440 202519 695248 559321 366992 96322 63545 320919 819310 418170 326782 415761 445712 580353 614098 12941 233790 442872 939802 852909 445088 639195 703740 616319 984601 70416 729902 39538 387900 651256 215937 905781 749402 119932 446359 423386 91541 858930 75913 74761 141772 15617 211288 833996 305576 322787 309263 108247 904682 523817 979261 68807 819190 382723 194726 553151 34954 790011 375522 716642 25546 634957 931973 679708 701793 167244 4151 295644 124240 462972 862762 287830 897158 629762 598137 461762 451407 824284 897603 248039 747205 725489 478033 272893 804290 181747 127880 825982 856849 72952 22813 869489 455966 250084 944157 56704 652094 646560 265233 408348 681682 375168 672009 790910 949082 780021 304197 42755 512801 31729 845955 660640 552271 493065 508703 132586 402373 123851 25250 126589 262153 898319 329716 80232 585432 96744 187588 741358 213696 205660 556583 122438 603209 942884 421904 72517 129488 4465 332361 633432 966042 427089 159717 403512 108384 509065 404943 14648 782116 59318 638507 275677 293838 637189 71265 40117 154131 649230 17341 8252 78435 886116 89743 817658 615627 789492 56456 883933 614463 678481 764053 511371 648104 477999 873774 285189 116075 526004 341644 183783 597894 605929 111782 519795 424225 800212 434097 489509 91862 731567 79896 864283 3078 733251 282917 97302 653407 950340 369469 958162 939116 78640 884858 230271 532316 599495 849805 660450 764741 509875 732021 727649 174152 86890 740480 569069 491442 200536 639905 816378 461476 359044 723161 587136 651711 942677 191179 523559 112996 720885 761379 470077 124612 670876 24876 843572 887905 307 248932 919901 219975 302156 391856 334334 330053 59468 929922 660566 195152 963175 996305 190695 293379 474403 60289 764555 295583 535844 623319 923199 229173 288402 12370 587999 790848 920517 769825 312531 822166 160303 585453 734739 904103 865251 760734 157430 277194 392262 186941 656603 736905 164970 120218 493578 756766 708679 457536 411425 459923 218925 389431 200987 782698 672869 713030 772990 19870 524499 276493 310847 955509 858750 132300 360459 632349 889979 819497 310578 152724 799541 972813 911859 952978 440778 420372 69354 93235 27428 391440 454862 733539 41626 427333 294318 575879 381586 398225 150757 481339 805232 291393 685001 265549 389504 657590 322407 738526 569180 406139 472215 689919 838379 986261 924294 61300 824180 736048 502842 237574 159679 830971 368782 491569 29296 381599 551672 624645 602188 438477 664316 186608 939103 312044 202067 784302 427557 861392 995857 511916 546618 487022 810865 50165 225688 152450 916684 293042 905905 194020 450049 314037 510254 952394 275643 785749 543698 871587 408604 29713 227692 130369 25035 139401 50883 366304 275836 143765 959827 945270 539766 80477 583326 394838 886364 625052 380255 461731 228601 68473 962369 26517 382849 405213 455573 705541 893849 641619 291760 541285 866037 30311 754372 643787 365195 886888 35002 866310 896291 103652 321053 590258 544335 608091 561268 571311 283785 55051 341311 697018 65644 111433 698527 69782 855634 570692 127146 787799 820507 62507 204578 396271 181139 731426 761569 239220 8477 227934 55709 109458 346653 792068 942680 24872 369127 912175 722361 785795 21809 579172 762045 484296 193926 679708 847495 705683 378125 751180 180138 946021 577894 570231 771041 692623 180838 546805 985406 961035 667432 717619 796606 572697 249996 761391 84303 339236 78370 912223 440104 339884 416084 188907 180307 6563 778224 997031 472214 988504 85 78004 302239 671382 454877 298980 770373 15958 120077 747914 817704 946970 703540 599538 73692 110522 171733 43525 308790 733922 859938 400901 245602 255380 388824 648743 161944 462424 888921 205892 363581 859351 134075 904698 44973 469837 990228 800297 521260 131440 980373 909804 126248 894203 307152 843305 581477 309744 379616 657367 443613 541043 749375 446199 778181 940655 694300 314173 339254 879367 160924 958383 800772 99540 985432 918737 731548 660040 997003 17356 430550 632543 302094 268736 78051 930927 660566 685675 727468 501357 984020 908501 492949 586868 253484 249568 398028 872399 579844 185834 294694 927541 814716 102476 771788 29655 194487 254878 871594 903444 434526 975870 261267 899303 386011 117563 610039 890612 429054 524040 668064 263785 46504 370635 156547 659685 316019 23892 486426 220507 310244 994338 380642 948589 119935 305745 606109 150057 411765 227115 332931 624709 146141 965527 920084 17378 383834 52300 769440 631662 190130 655989 925888 930169 795372 337536 67993 621592 187548 747562 577823 927562 435101 286099 413488 917548 254861 899750 656631 330902 962547 189338 306003 404682 779973 68390 505435 545460 60097 230498 689082 209739 261075 612307 237313 460064 446587 584109 999006 189797 395627 821169 715848 938611 782131 682192 618293 722068 243618 723447 163114 925584 251102 487206 766851 860229 883515 480370 862613 796926 168822 937650 882893 316721 110462 666919 805091 500083 468994 922682 647551 793682 163145 101601 886069 966186 785611 80100 398829 817973 699113 906880 717102 268517 448772 218681 164558 336175 423886 992377 48686 722253 224527 937909 232420 104160 455870 884975 379875 303245 945217 540309 709086 630398 743537 491439 7174 768987 634093 958318 283154 446768 790336 88544 357665 188321 194502 633146 849102 136748 207091 458977 313209 219690 413799 686181 359828 994329 399592 940729 300579 339101 278809 709634 83027 71366 880719 318932 699754 73976 212285 83241 428092 814420 429009 718478 203359 642951 296847 538820 404743 991718 494345 211237 698547 643494 454531 721459 816537 137282 795757 880002 326967 951249 664142 179309 110032 580268 450130 508554 414858 984561 855128 672049 968383 107689 647230 489721 822504 492420 252219 786006 839256 635642 715243 668632 293937 103376 184941 409115 440184 332521 461261 627275 487895 190367 694310 507233 932657 867463 653163 234109 351511 93089 911186 857456 542227 881811 272593 566964 747725 956128 128458 671082 625366 317678 227221 219324 497203 441035 926979 161021 174362 214848 73071 106462 961505 789304 848305 822725 189045 26918 734215 131756 196820 203173 38575 873836 990376 444389 588441 541230 957466 65983 216986 434462 885321 759269 656318 886647 92163 484015 617951 917302 221169 333377 50405 812725 171267 886090 797174 117070 203316 566395 354529 610761 319410 218750 395955 624907 141274 865393 208670 303433 2989 171012 539901 12694 317422 954689 194526 717751 338210 719371 993290 132105 568756 507561 851686 899768 620999 784315 101665 840519 482141 825866 223223 711228 479465 136357 396734 528027 909793 354937 670028 583390 423651 621640 620529 30644 120853 506343 686541 281445 282848 544490 798796 241541 268652 788352 333503 540934 856591 504540 520532 422945 213010 907161 154951 196036 678255 210760 483907 969353 361351 500988 297057 747985 979036 877468 995791 226260 795022 419899 947411 650475 577457 802042 141671 272343 358953 17875 256699 915234 531821 248851 759325 520504 764731 182885 877018 749924 852050 82470 948739 629499 557419 624673 770747 564229 500776 411563 592843 564030 5360 949151 935795 474948 589480 29871 37993 303586 776686 843163 553112 55264 660257 865562 124845 246609 993416 353555 776101 539136 173872 45936 365351 746602 64829 558430 734696 30012 958859 365617 797728 224187 232563 593444 109401 783088 349731 42854 138658 365262 739774 373893 622209 578178 571024 973908 513999 381461 711777 288727 157206 700635 840860 558519 434813 101787 689768 597135 102881 436234 661569 883365 685006 55787 973564 250573 16484 355988 313792 660513 982407 22386 951392 584993 550462 704038 357011 289224 72611 609004 154829 343005 54160 593647 701363 947919 649800 314316 420826 184043 481058 709865 403256 626525 456405 446657 257257 61685 850039 738344 88564 767615 734820 329090 252898 304248 777797 637140 779286 881802 519015 153525 801702 740017 219081 35017 604914 176742 803252 992749 646582 973954 571543 772421 114474 117150 854347 754844 606287 783504 941593 490483 267988 678048 561369 312525 944409 180064 667177 220242 150778 754260 858375 501492 114288 100038 65114 117524 953024 475783 495527 47900 92807 292220 813315 189054 654287 482680 172305 737044 293590 916249 67016 432843 463682 751153 871034 70032 706109 253524 633901 759695 688851 772565 47208 581530 404924 338266 700286 950568 756919 688660 904886 67646 662313 282012 338656 545328 665950 591374 523672 27004 956898 120907 900936 345214 53220 975808 178541 23173 708688 357769 682501 381325 326330 254400 625616 509254 721488 302265 299484 598695 480536 45813 412843 192592 29848 633741 221064 233812 582905 634056 329025 328787 336600 963922 537 32671 762559 897583 603048 214060 954887 660272 493843 480177 321713 421190 735299 15196 278478 427676 212162 902741 988547 464779 747848 387544 941463 522137 330782 3447 420172 963306 311229 833150 170627 701718 656002 262883 652016 884543 392809 732341 428372 835786 959167 718221 8741 542793 731572 409182 268724 524864 492165 628286 233920 400477 487570 314189 901467 421532 800888 833516 110739 292124 547996 734123 418389 820990 323965 34514 456916 706010 942319 312241 713243 410282 828298 143422 485044 212664 469251 100041 51187 279076 507549 643326 865347 194907 213444 943587 69000 557749 574176 731807 454501 902099 937349 412043 523865 734854 104201 32442 734548 356724 946702 864863 15827 451480 37255 597514 353038 705947 880776 899054 239340 820322 648150 249647 356474 866302 853084 896301 836935 222668 163669 811168 149430 578644 695942 317132 163788 687415 824577 128597 128415 903194 205992 58236 809094 733415 507554 240316 118262 145283 88190 209113 135988 841475 717478 881483 255636 820870 431447 844111 34847 972069 207191 316138 331193 925906 249590 146234 652464 310679 174052 322664 532601 711805 742512 301032 958823 827001 43580 522461 238941 41841 455046 833260 724433 521000 71734 236351 249509 374065 282783 662193 709804 693714 564487 47824 475512 912577 331032 607432 646426 112076 863465 639868 291269 426958 750590 142337 170787 212348 384259 19882 555967 982642 831859 204869 40543 364161 737448 13768 631006 514511 613689 474012 304810 763139 93988 357542 178140 346937 184025 164352 893214 112619 204278 307586 880836 218088 841597 464121 233266 4292 496244 692841 438663 854734 66115 143305 383223 989468 192910 409362 211019 148561 405508 136340 117847 431034 526095 289444 154564 565379 109613 877469 696244 947025 915186 351079 240061 10777 644642 684352 170890 628484 940764 632020 65298 59571 437025 938953 98529 958334 770276 765570 908029 475916 958720 263205 576015 82719 203821 560707 335704 822737 564730 40085 160141 316582 76896 666766 911505 923084 386544 108924 155766 740966 830910 918946 519574 833856 435593 496541 654405 270943 538356 291523 878932 824910 389478 672447 634898 747703 432651 134089 581512 38278 399119 834829 586422 874549 162271 171419 50139 783784 458193 832370 875905 587630 615479 449751 590618 886491 531377 12246 661512 660083 948637 655910 811807 287859 927148 179100 393201 641715 217500 387601 837463 29920 146926 288088 774319 427930 725425 459946 856242 692329 246471 348208 10602 922598 588631 810389 867060 581011 680516 325738 35056 109914 533530 705909 735217 629979 355733 672645 110923 737321 198042 505813 709281 42230 756461 11140 752695 460207 701928 50733 52634 709993 733232 323619 398126 471058 715475 659712 500150 439576 141464 94271 245215 590068 611025 203527 325635 270189 60624 372776 922353 476760 129375 542856 747822 783598 288968 981124 733021 696102 862165 231796 566025 517086 160214 396687 909035 833372 103331 465105 941122 925794 704506 252869 883274 140551 468908 983259 100667 95887 673890 897582 541273 972179 540945 307380 813250 969299 143851 832925 962397 236418 852251 859748 649832 353384 673035 178210 451060 351396 943514 860827 829641 914302 623690 737308 968845 947835 117571 649218 141753 165693 811046 832765 570631 993662 399419 854895 803565 401217 943715 529523 326995 831810 475966 756671 977018 129022 591657 989299 597171 181430 908718 620318 174900 568344 631614 550328 396835 982036 359471 679989 845352 159905 687254 789932 19686 994175 458681 840381 534751 965159 404608 428804 939055 532687 860435 499501 426394 733576 83539 488523 802064 759166 961953 451066 637099 843401 734494 555467 954097 254519 814336 824756 990922 421427 956496 950360 835195 557504 88890 262937 957992 710930 962787 360942 729378 911458 347637 653704 239597 288227 190164 589516 69056 983426 58926 496173 979972 648629 784885 591522 44831 473071 322692 1108 443727 80977 184739 237218 716608 512613 69384 397653 528666 723389 399845 986138 144589 557447 476518 848232 427594 725523 994539 694514 374906 978507 334575 971196 624302 590165 382995 142069 301726 482531 316296 383639 528169 757312 281588 44909 533369 843984 356779 5541 527380 682246 683234 253393 822427 160801 279403 42804 258536 18094 795492 211100 133414 140400 532375 170145 312949 348550 459022 926608 556643 696004 786382 87976 283615 558383 391302 937292 639436 413678 774762 884321 392416 997967 440684 378210 287742 88506 772875 782266 184313 362433 523207 947499 716852 821311 386432 552888 189641 415536 816863 284655 877154 713503 771312 982518 961020 530086 162419 207054 709775 78832 453783 158198 686145 315823 34190 103530 911616 989861 277845 994830 702458 408318 837363 322002 58068 439661 623581 669843 610476 936728 261210 714332 496043 203967 589181 90517 322435 741145 800345 759338 598286 561449 497204 494236 420976 841684 371648 907872 571989 748614 254058 92210 243587 978000 971448 166814 232607 655942 474257 318098 278274 264691 797896 205687 70666 81299 582293 639855 557517 857066 819910 690450 679811 214020 610963 512496 432996 470512 747812 623301 636005 496682 603361 203241 865007 71333 731160 517933 796743 2543 705750 580906 896887 411107 827570 433083 601233 788347 214135 460633 124699 487475 498625 774686 209933 454569 313139 567892 940540 719952 235286 89087 180491 972211 821950 236063 492278 514400 186702 54599 210331 754242 188514 4492 930292 449261 5834 512334 442637 732952 462063 788364 400683 947683 945665 698310 191274 371198 16789 380350 794983 871972 351179 780849 99582 500712 877562 677121 432921 136806 762553 520129 125077 749210 186896 270103 979838 958448 874427 256418 452652 100769 952696 554468 460086 589168 226070 219268 523459 28161 135214 264941 218132 229524 169109 719817 161757 985415 480674 617807 155112 85444 716712 271290 979817 332401 777801 200167 277985 585999 367872 603849 58060 471488 112560 135103 924230 639333 230167 726063 534579 533080 860740 22071 189813 535974 303528 770647 55431 671428 781072 282990 858509 225451 46781 548157 385658 896256 139026 503518 816458 694564 624682 316504 865071 873352 583586 474845 945407 148111 497724 595304 530047 977927 130163 863274 836826 340895 971793 293718 339459 512296 818849 868142 362730 862928 792991 651110 36864 196187 231723 621020 521996 604469 691287 28360 172751 852177 91384 877477 94892 361061 384847 978843 785227 570374 311370 258916 842759 491703 595080 345187 49910 568874 402623 573345 801011 162617 395984 932099 175257 92209 408010 544564 303498 975698 629696 23954 589467 312598 745186 210959 496950 272682 486647 850374 6386 589513 37030 588920 395188 848990 154989 694771 986184 448145 897627 634384 574200 592207 512720 198421 392976 375415 41405 825147 196286 113433 717149 472641 550647 772206 353114 590992 641658 351122 122602 92235 677032 793763 626947 679100 997772 943753 168510 450563 653725 483361 68817 950299 337949 524502 117140 475128 149648 904767 102861 605800 622138 161192 640055 368051 216159 901944 750371 970077 488258 983595 225214 783599 292788 966136 129670 425957 329449 486463 195791 823544 701206 114878 845113 127572 70293 464016 260278 927607 19453 273177 294726 517743 110043 51930 893486 795497 172094 113691 601423 341950 235769 79202 964531 570734 970581 190273 857709 464294 580745 280867 396531 771835 879689 885086 38994 833280 322270 523495 801970 881426 871591 273759 101428 985401 620725 520290 842455 402040 791654 404818 574055 715327 370670 724325 550832 12121 952126 594720 429899 94979 16144 368720 602108 105729 13734 860885 198309 266670 69345 791032 708081 146181 272866 61723 980202 91525 416710 233976 207712 396748 126182 765453 361914 758692 644453 982648 483792 928746 113939 683227 215595 878321 954305 667788 529614 148317 645005 789729 90307 869686 156276 504947 960505 154414 515731 547901 101889 685196 316526 461467 675910 843645 993675 313094 502433 969376 598947 924169 34473 984309 602176 486040 810675 532622 693706 779363 139869 969943 502085 941445 962973 466323 632914 16423 771971 66417 957880 429438 464332 334326 658593 129456 65749 723066 584039 737189 479673 134371 48499 97960 548604 784263 229492 579693 473527 94815 798312 45575 807342 339974 618378 978140 30037 139050 679846 419035 671742 902599 5462 944881 158818 580896 398499 385203 489301 339405 743853 693732 957019 786659 372479 13470 205520 686007 556678 847163 459552 221782 194774 669633 641079 663790 2445 814593 479697 605783 174961 38788 408631 230880 866728 844856 444297 444479 466691 842283 119437 242941 579677 26591 584879 301281 275709 319956 475742 941672 730508 656329 622997 285649 751921 433866 797688 524674 559339 379169 220967 898444 760875 566720 536957 905630 486402 498561 120511 804721 494496 829502 222841 620160 189749 533981 177703 568159 288200 455019 917195 881519 317243 175596 188255 742924 356007 695357 410634 276589 853408 981880 567467 558211 562175 255937 297921 983260 850568 84897 416502 282769 951346 303005 935994 175787 504219 76339 463474 830786 250935 493620 22767 880629 121835 703399 629673 294548 366488 915148 786842 194710 302382 123063 808179 232641 965850 501684 182444 447812 923456 15124 503384 210653 300576 861236 109470 551393 507721 362656 560334 429358 395835 127208 254184 204343 951626 163271 4445 221571 751543 859977 929524 549909 169239 714427 857781 778141 853189 516604 816180 173110 338385 602110 240750 792547 393124 391396 740784 411242 535772 786831 865625 844353 661195 338073 997 872348 984416 607706 483451 925387 988421 977926 172326 836194 241366 691718 169656 359712 978072 845139 492481 717639 342566 662220 541825 952969 809661 528356 175145 671775 364736 971686 42563 48568 490715 994679 349152 678377 165473 449795 849419 413517 596244 223285 90792 599297 361784 748784 471622 348762 339643 172695 353339 247414 754046 532102 180856 86966 107169 365426 823619 302443 793260 470910 190979 480987 967518 934625 56477 383675 312377 727512 727544 631381 150742 430629 125920 955549 693281 71493 945749 331569 796296 180740 156175 224167 426122 249911 212148 164724 987254 149580 261029 431821 76240 443472 810533 718314 531670 702169 878524 528853 205492 362402 964126 358911 686379 961825 417390 636542 717284 997067 131752 852844 20064 954756 22335 762263 211727 83044 122206 681961 284427 442129 564849 824486 439001 474049 388136 68487 606025 5119 332431 190009 563900 479372 580910 332645 240425 274617 401016 651436 161186 727417 474682 994813 118069 981264 553151 226634 186826 268539 131029 256463 939024 335059 795422 41194 654728 593795 445888 193815 578774 572775 921371 366169 885337 744422 635745 512578 433312 296171 67330 373613 123676 816146 243107 953510 719085 684338 810811 907840 977322 530736 371548 101252 612706 230244 113821 725296 915672 753254 24518 887190 534872 913198 191399 444624 929090 602107 351963 703825 541269 553707 593155 988981 529487 787721 255703 923332 65567 935273 785137 178742 228923 88291 973785 360831 991951 971453 929611 389009 82802 44458 859306 542990 31004 949069 507460 160229 195778 639618 911375 991228 457623 853315 462544 169038 466586 910443 278541 765081 884946 890602 153117 702772 327016 607249 824255 586977 678882 712121 640724 276997 615124 949541 452332 66209 52701 965398 699936 865455 817958 857226 824002 538205 123303 394739 855314 850495 928538 108894 512996 178787 152781 564340 270774 850776 790815 386708 43146 47649 641396 621437 710370 885013 250846 790738 21658 348730 169798 978248 559428 701353 358515 219342 594006 641281 531907 845401 312564 993930 558721 137478 157264 278946 381742 667482 856171 963391 324923 788326 186637 789923 503346 460649 244213 841866 869532 135951 541503 837076 999600 86266 972896 212254 383152 22036 463420 224187 804750 107032 920913 839536 509532 576372 195967 905431 295463 840104 899217 277238 770431 444993 409810 196591 572343 342395 557040 129823 136712 879991 875288 459055 671284 544648 391576 184895 183080 697273 683230 114059 348226 197872 477140 617717 140773 928466 233539 475780 2998 532261 278785 921669 184077 703454 831946 869913 932506 114313 278537 956878 152630 78992 729235 201274 522042 10788 817600 705203 97748 970368 491429 336393 684124 598645 867653 520262 592908 32648 832677 441477 619927 26649 533918 29941 310692 404344 864672 671436 308895 910665 867227 735335 650430 109890 860518 53547 776617 551569 536376 503904 662326 255811 881411 852578 855575 474139 962573 373198 821078 11438 985387 341117 205315 922700 646217 898333 205628 259661 484228 991915 108046 131505 703385 470151 734200 318543 389073 82299 348514 213895 190580 825146 313788 303652 825081 367240 713028 854369 468496 504688 37669 944014 682947 768025 222485 349902 855946 804820 877719 207278 526974 835827 975378 675330 748802 287269 373211 467078 48668 142988 844521 768778 175179 82696 196578 505162 539837 59073 768538 884878 494231 670828 358007 380468 350341 574990 921938 806273 114511 790324 998902 602919 364302 902894 947030 222514 351933 546494 59891 876766 483313 559689 802210 406288 236185 662873 931316 652856 367654 531107 888553 368049 684568 717373 479109 423962 708815 598018 159521 27530 126331 946402 682146 574548 594677 97735 458643 798189 684444 819461 787476 233995 339236 450806 784557 732988 562694 564543 660525 127064 749980 502559 895154 123319 823813 948670 441405 683913 234336 676294 471151 225825 442314 669183 646292 94884 508993 590247 199624 200949 259714 409020 723393 46755 430493 64113 54796 584014 584097 365496 472927 53200 931291 130335 760706 801520 739753 300630 427388 966462 370747 863719 290640 38651 704868 689237 662100 341551 34166 712875 218920 577203 165475 211158 208359 653107 965671 192933 727290 607902 320149 595975 44348 644843 647399 184891 758088 492974 838705 890155 917398 611502 891286 209756 47249 656908 956145 641820 220331 428041 490771 404310 705 944161 494355 77786 340789 336272 138747 373022 498375 822604 98997 222691 335474 685664 194830 604539 798395 370979 819062 469351 626619 693814 386032 157133 349427 38195 497804 685946 319408 549279 570453 704400 438562 883777 250277 300036 559519 291299 285262 252530 356755 548939 942143 837119 174616 133571 183538 28974 606837 750712 861460 343158 545750 133615 470685 586569 845552 253950 394971 735144 765841 923274 799570 742205 932793 756208 227967 990300 325307 232693 30598 214688 343224 648458 98791 729191 632426 593123 865935 186677 127422 690309 168968 178164 223569 539262 214043 365238 238474 352724 684651 565408 606736 837345 434498 615835 851960 263125 775173 797102 802216 236539 645975 984581 495436 303605 657639 734576 130010 216928 493960 242225 478567 293357 316025 633846 477205 752496 766235 423022 901999 120253 122838 755968 839574 293377 620021 461991 194449 460824 442321 105848 427563 174036 507893 261177 385331 749634 801205 120073 831780 171789 120548 380633 674778 63898 803211 538223 193294 666156 148008 123532 527544 790092 688584 287814 45632 680989 413276 692416 119764 358145 603086 583098 952551 319971 429894 351 245310 434654 658688 93019 784994 832747 60083 387768 500723 697107 879927 264035 79329 144399 820736 139938 614267 933688 201584 80054 351046 373936 61994 950818 988787 921329 798738 966434 567121 65290 871521 630585 757326 135420 333646 369064 294801 554908 917038 186808 267845 298373 422768 256377 91582 680236 472427 701851 405096 314146 134043 585402 223310 850744 55303 959801 864764 381254 135568 667637 915136 341606 80602 829481 150247 841364 410807 407833 412974 294628 830743 472035 958848 703315 455983 430400 260445 55961 554858 821805 38435 235607 281783 494842 627969 493705 208965 58671 371555 91438 260681 63414 176484 29451 778828 786037 187430 384027 852518 610986 681935 204145 197806 545545 89120 840248 290303 970665 273745 856185 120103 23389 378317 609968 256487 525002 180043 507579 115096 519119 575553 680091 207981 60954 829598 769814 378874 399068 946685 244181 691288 597936 772297 163209 159143 373542 441149 836086 895656 902024 790900 269144 536884 706348 745213 650041 538037 628721 500034 874420 427634 301234 733738 995141 682471 486276 764532 993702 274832 877158 422443 15868 549405 450199 422222 242421 627428 42349 11807 465164 675570 380008 984719 98585 299104 784007 772343 784301 24485 929896 263876 856563 865356 345607 571331 396343 852453 716103 238083 706118 418027 570811 103358 194134 820753 249034 696327 423675 743224 237114 297124 417071 303147 562933 296248 194433 244118 958588 133616 263710 68931 510019 360219 652065 200040 593732 945587 599394 416966 621384 616835 753964 165538 378964 951768 857672 654013 579694 981471 453390 731756 72210 69354 23513 533935 982662 269036 885573 447839 614350 824329 769273 754856 442534 344686 407015 456197 563099 90281 158741 298829 149211 36077 102761 96379 3493 904418 810679 582511 988204 748367 103728 420160 777790 855059 976832 866299 507947 518532 495483 588218 996915 763837 187649 5581 252593 617809 721144 762565 796031 237018 570577 127698 889815 581446 115612 512916 677028 208544 612287 735810 557038 238706 886050 738683 834660 725863 408699 522354 484751 731254 85591 640660 458664 268600 422931 507419 260402 883973 758680 576440 352408 130999 107367 838145 336423 681820 384211 833778 123356 894905 438709 761301 797626 537810 949542 569243 611816 911482 824800 65847 873696 228375 228851 436148 478313 86252 867588 371953 885285 848415 167580 71179 706559 785270 572243 783207 98077 675474 21112 509842 60792 362638 975882 991126 486766 471109 344902 363881 775816 893388 183265 351896 923820 65829 974409 278381 696043 879393 567879 562624 521825 823213 869479 218236 363140 639415 211778 915904 621216 640124 815978 339565 938150 684100 920367 469100 97123 991505 849762 327479 180946 74192 817378 499365 368639 418110 262972 54268 412885 521295 927838 836471 527736 263289 140194 164386 967833 303882 933365 893771 757858 216673 996991 61401 534970 939566 514087 450440 961994 57069 926387 296295 99565 435225 704117 553207 334388 47466 604660 445490 515350 556583 77662 388740 127062 771227 718391 296539 676431 696730 911898 841968 875594 160873 764792 11530 750419 701428 47069 628015 818690 873757 483470 969566 754277 370453 147409 149435 725106 178259 577121 324182 151795 963116 417546 475245 516062 447089 541405 408335 862925 520725 133257 768197 238348 209258 22618 412576 900724 870493 314776 518623 235750 959320 415498 330810 424658 516681 149225 701443 592698 651651 817318 364363 28939 638722 721729 810537 842893 999205 568865 664105 217094 131764 305656 158981 198358 600349 753404 561852 197591 311548 7464 743375 469677 553095 772468 120385 417831 537267 627026 561489 899325 939996 605988 511613 1515 925260 329073 83507 874337 757999 431728 300093 881560 477171 558028 986305 619163 690292 136205 123621 839871 183048 934570 567528 524819 599701 903982 150699 97043 604777 729898 885938 840556 203553 132321 290570 90592 988368 681724 410312 686060 440538 696243 37582 848289 658821 108870 894526 857784 511052 456900 10374 155927 371070 665324 68975 858256 760888 182354 541616 956515 188779 796628 771381 273405 28786 477743 742238 35229 219790 665983 581591 828695 302091 447362 251878 939114 709835 388224 770733 948756 339591 360180 219012 310707 339384 936507 61501 523453 767607 458696 109225 327731 774053 74265 364619 554660 885148 80481 752687 18363 232520 793016 546819 83086 969469 132538 507967 144851 340443 38797 941821 53448 856999 471324 986597 713002 838496 60464 855134 70109 478279 223695 837675 283964 979344 456932 486629 95523 311458 661141 34090 803061 133186 304228 836123 942946 993583 754871 605303 988822 229515 165012 55670 737637 853855 844175 219342 184806 25704 762004 674954 205589 400272 523953 355544 330760 979869 12295 251436 576371 623453 372203 673471 552149 333997 389252 443579 463428 900057 555596 64994 62277 716846 537749 530637 854975 233376 551862 225755 106863 783682 114477 224180 171461 316323 992660 620755 492922 272361 818189 592668 296970 160916 466633 817905 907886 470829 522576 449075 927157 452048 609614 631767 241622 687287 724559 367996 636977 726146 543174 207420 234797 893034 411059 507437 855006 817677 234438 684691 462585 90556 825631 501729 315830 809669 11419 198933 163223 778985 920897 221927 160785 788128 209855 969949 262203 576894 399192 954892 204069 669276 654621 850929 514002 362209 529283 699771 184629 756589 634158 124272 7624 160720 36752 640280 612637 316342 936838 489986 737996 495346 833594 233337 351067 676838 414899 719419 180896 720861 614102 614509 310323 253036 21990 874223 41880 886163 246412 615833 932976 953982 551048 235979 284053 929254 976629 887391 626620 382710 814345 365985 624643 311839 362673 224599 575621 221606 204364 771803 269524 581636 748566 104820 754247 96683 437761 185213 401969 67957 911889 141741 507299 406449 8528 36428 275034 940768 724678 645397 145856 126219 38826 928005 224355 869948 614357 409990 54097 281715 699493 959740 474594 215558 799053 337609 999875 217304 896897 154255 760169 621934 306032 172422 891641 100914 965186 812652 451173 20303 990039 918825 751988 91200 231145 664327 681695 634200 363920 239448 802409 129501 256576 621518 730113 825704 83913 617943 786950 791364 617265 960682 720483 111207 830133 368475 803136 641270 29003 941213 866411 759981 931432 394777 567452 697388 285735 197070 764640 537300 968529 700522 87212 657668 377928 112348 298225 96236 762329 409675 525617 654160 416998 201263 298181 782154 407437 286459 45504 437927 668751 812663 323929 712626 384532 629752 530868 55407 894576 679344 296036 796164 875034 485338 811638 419081 619914 940431 515197 878742 547279 735095 618961 262808 749502 195621 435073 755700 759500 817096 623457 665162 269120 943694 635816 31067 864372 839636 90614 196275 993866 612332 70375 316893 63829 580229 768673 87393 197342 342788 928823 455079 77179 189310 84152 839851 469915 467826 921885 468273 105461 932674 929456 161711 215954 538690 999742 263099 882959 982784 291250 318825 151999 747101 78613 662726 230531 119814 245278 357293 273059 617476 35206 806931 551372 316586 924185 56611 710579 961846 938027 337367 101949 272455 303242 727170 510202 451967 788933 814527 676913 703909 953337 775070 689115 86973 205484 725229 49289 772268 14378 591708 808257 32070 148167 466483 305802 401300 38217 683659 457894 109599 678859 392304 965729 416141 988600 521411 849088 594578 955710 677860 79245 613347 518902 439104 478868 572861 445421 85993 411172 448721 126830 587091 565926 893214 287446 321338 363230 710025 656528 971148 783439 373489 650120 550413 539907 726537 901830 16699 107776 691640 819443 703390 152706 794879 942120 856062 595447 283053 424067 486329 300856 588029 598708 264692 751717 329297 925104 109036 463126 688609 281165 423339 233785 846155 44188 111015 425453 171143 372649 119617 548064 167465 276250 581388 613126 290026 745286 742022 943212 571353 616466 697111 876132 152159 798018 504011 964465 296571 912954 574443 532367 903051 998646 371115 350855 180698 724385 377122 633876 673224 831412 603071 566015 484448 149081 182706 783688 397050 415104 644153 76158 932123 495159 545331 266515 326493 588010 203667 757127 473585 504362 366533 445497 71271 275956 253951 44200 162788 313776 414530 567256 962185 995385 657918 253590 919803 781156 669667 287089 17198 27839 9761 615899 533461 236826 973193 816270 37341 679472 486706 439247 906018 250345 38902 524665 110021 535964 941307 100497 589127 367838 440642 467995 704345 516070 905821 112996 571083 116478 619241 569514 408619 959211 288805 929739 722918 884247 222495 39123 379944 185022 390050 248925 893301 191433 483015 939541 677327 392692 869260 275257 428007 142261 912024 73603 257885 260712 643478 361414 51626 745205 551197 598099 835611 20772 181247 143730 325220 940379 71419 347166 40779 118200 40046 710129 830792 535076 694885 829366 162936 810161 545620 147496 980093 315917 6246 442031 936542 630112 556049 241248 192246 609258 878173 789714 309987 740349 884078 799318 731575 743585 273849 188920 478875 807219 632138 74283 847749 619236 366646 423648 584664 622185 812435 788175 108140 695711 58445 713248 405361 214743 392005 977185 669423 559090 446098 624039 397690 582619 691947 293504 389151 863400 940694 258553 306385 250280 254894 54308 77842 656128 285922 594475 542400 573838 253778 878146 422003 958933 320015 963905 767662 500599 587284 508568 62679 629840 881994 899098 485997 69634 44281 297954 615791 309674 292436 902573 219158 803974 421599 238940 584337 741861 193887 706284 455077 369571 937345 725812 190837 602046 537194 249624 555517 868461 240900 860845 726012 495162 165496 153025 151267 998368 398915 200787 412416 497479 185212 877080 483598 67469 194913 411635 993479 662989 238398 372201 827938 758517 499233 970222 622628 153191 93804 598222 887952 246010 220582 408330 716436 237660 641028 875805 725675 792070 400194 384209 344097 764235 712432 779808 224055 22335 687880 472989 403418 162732 396967 191338 256714 794194 581555 997418 701984 118897 446327 448911 261699 957883 771246 533781 945096 7603 254825 291339 898172 558943 349014 892638 64098 486347 803337 490699 931602 191610 831569 2376 16702 588536 839599 316338 598335 112767 75099 525729 507384 495515 684534 545191 322915 732902 290743 857742 690791 896789 910761 845014 836201 270912 125438 734278 209697 160975 769831 79605 816008 867250 711528 98392 532915 460893 694622 695842 190992 403804 369700 846870 501048 439957 332121 509030 748108 814537 62794 192983 292967 312348 513900 557745 337251 257629 299914 435662 153442 853530 175515 265715 202022 526523 612595 753523 360180 658180 924299 644895 274372 685830 478218 31617 474308 831892 851276 922176 426610 985348 16168 597730 690370 751195 494415 463618 602238 867425 695820 873776 438343 674963 601107 377155 122563 686309 640814 86029 893306 886403 928024 130900 102336 919408 549421 992170 319119 365351 440688 422611 980585 149770 900671 278045 330761 142501 174030 788390 194904 10866 809389 173471 13800 473107 727335 162593 180589 123274 251246 407705 683330 393092 530546 165029 395401 819461 386158 233645 891344 306999 526581 305246 555786 778149 958769 795510 373443 561073 306411 272377 893262 506660 213284 981960 873379 327360 381111 456756 780335 407233 462201 324053 645344 792394 765525 648390 296956 853498 53151 270589 804614 734147 639413 525163 44786 125987 895998 656238 838411 122724 993406 24915 620205 22835 528261 425756 950011 785599 151652 709944 603309 76735 725191 858172 174767 923934 2562 237208 653613 942168 105125 5633 84361 280720 376870 324758 337609 231073 563792 980610 512613 45203 576206 575609 307803 53561 895791 92924 593089 752531 914786 292993 582787 728096 985813 805505 322646 213999 630527 295131 726448 455878 121814 794778 264406 321967 213783 969539 864726 286312 676931 827722 364128 62307 547742 278352 606528 275154 804021 863433 327233 538283 948511 188835 924040 542820 435970 692616 646996 281644 298100 134897 369320 457429 942753 71729 451234 782458 570165 575780 248174 132472 202660 374884 100196 947879 898047 592807 995765 790310 16689 52048 796096 691133 363512 222068 997549 543942 142373 621760 771510 182701 598769 175002 210061 669496 669987 194551 871023 107169 301251 499302 229562 190873 414870 954840 632962 994808 907316 105698 87556 37191 935741 720816 89762 515490 388784 456800 959968 231890 582611 409965 25663 373082 494157 377462 709360 750815 33017 730829 791228 337192 921319 97876 264393 757766 22077 469270 775080 455310 728666 940929 811294 485894 16687 962916 990338 526940 761813 81012 774476 445948 353813 303154 271487 163680 87970 743362 478674 965231 553997 859954 393459 293530 241772 243515 379565 291421 622680 396359 201450 522165 650863 840001 830408 391723 37763 11422 767620 931718 87445 869789 797994 660534 753460 910368 966714 987005 629262 607146 706606 24337 737439 898330 902555 134031 876674 477795 367569 830394 407498 843133 469360 580832 275409 98403 98837 46667 369822 636926 345020 839609 278188 300318 569452 43826 948818 882757 353514 386191 284144 761003 14185 816795 632826 681243 892362 265367 174144 427684 521288 643069 698982 647021 419371 592250 865145 192092 306006 327592 451840 920447 391136 315312 273120 149977 840214 435340 636267 411971 467995 749271 51992 512950 533996 951661 62471 48085 441799 923198 409179 766575 946253 18627 315446 188749 512259 933097 244666 336620 384004 174578 415284 505635 243059 586641 125580 663961 769473 944930 803780 429004 551083 210952 924124 340802 37280 818320 545451 350802 341149 829660 761090 188117 621848 156626 69880 380123 608982 733740 961722 966020 78121 325316 557609 627225 2205 478467 138362 62328 566643 659311 414522 97164 960816 497685 109802 814655 191092 23600 308899 510241 217428 389363 433592 402483 539111 642749 61019 301611 721254 167292 816503 843417 448821 2277 885835 427061 437030 590581 799754 297232 628737 815350 444790 538748 263215 548074 988337 87399 358573 624406 801507 739757 830609 941467 581177 460185 72461 21550 332574 462766 100429 92766 462562 93464 417123 276464 169929 550242 969058 433728 503560 412669 525078 856151 475747 822604 681187 114616 436135 869158 660141 943904 983387 250342 977007 901879 284020 457319 334691 344615 327358 192660 819734 343874 211231 727756 918913 57434 520242 955258 301529 847674 172269 401333 777818 285994 90473 338575 642171 858756 853652 958298 980376 360204 289375 661045 545590 311126 909536 639051 54810 99663 990672 207010 469986 654208 470459 299243 767045 520475 144186 832436 703477 450460 467329 559977 476102 129983 109791 683461 621004 4668 812403 73658 862708 562339 939918 980742 692534 692698 856112 571729 136136 497261 447984 989850 862622 34241 178593 119872 54995 155872 734783 837864 487886 963698 650689 326050 228571 318959 263735 35934 243137 206514 15633 446677 976412 688796 393836 722987 470452 963050 492341 381408 76869 471675 849174 780467 508046 861838 180630 703481 824638 124158 812249 452732 183289 315594 841863 824099 517150 906285 499653 456383 435432 863259 109515 349269 314604 830845 520606 350123 468202 294959 613993 987958 575147 714345 635658 119614 541465 589077 284363 516414 130095 952213 982542 465085 60524 955303 819657 638987 620852 576208 313718 782701 709361 916075 894495 35460 405365 196371 308402 537943 708389 93234 244653 609918 803200 345597 751097 860473 34942 137983 216126 68763 131834 615171 291063 418524 256030 805989 224471 311231 204969 221981 49211 966019 39092 736647 350906 834877 315662 210496 89194 404472 228112 507652 611534 573677 73754 224900 439660 628327 856386 416095 174860 867066 623387 543215 939099 226664 371470 527286 637111 980436 494559 797811 255224 100211 815361 448620 167535 596003 851023 117589 39577 623224 627609 236194 545305 950442 354844 642021 765838 19717 856631 33731 997440 390273 267813 150545 284027 16173 978927 849526 211140 182043 862152 720302 700827 408831 420994 297332 427541 998319 131924 694888 700383 593491 980591 498595 770273 850213 377303 234425 182822 574369 957922 81680 180772 218117 454389 737265 716853 132810 587858 823371 396783 984046 933005 580010 763933 315766 542127 143509 790608 820400 68440 195906 126578 822014 913898 596195 239365 494768 422968 496424 453124 547296 116532 10231 6236 472075 668352 310866 123905 589063 190798 164480 987661 587134 54321 887100 583764 133448 170676 845385 728223 764294 947260 539853 368770 174558 856275 57732 799148 847693 727258 822367 423276 561467 853397 39189 579248 442243 206255 654560 831028 316432 112490 224762 178691 913413 238172 431494 328216 190008 60892 977497 148305 744318 845499 661055 69743 76912 172114 913049 656445 458819 300152 270412 289503 170963 291327 242673 813684 562954 464758 71477 975292 961833 910941 962846 348973 645892 441795 39113 127832 608911 165810 731846 713552 747202 353851 201715 992086 983127 851974 333048 993746 940903 382764 378220 248918 939603 449169 813031 982087 616128 844549 218634 782255 108744 412887 640909 521535 251088 735402 92029 46612 963009 432051 989841 81073 493234 172973 396728 334549 249471 809367 320157 709295 599507 691646 960711 7519 686221 670954 490698 219201 291442 447459 465086 663394 791071 499574 378344 39107 11036 604762 206659 274753 986073 92426 87273 174633 76599 270506 192302 90597 359820 195034 381888 354950 498639 417641 360609 549128 176102 652539 225400 250020 625130 53234 495715 849143 956529 304476 156933 51372 217810 286852 241825 896211 235775 438941 142327 74622 470812 388034 539120 254080 503309 117171 897556 712330 947202 666484 55582 990052 743216 381391 776910 948259 881427 218623 67199 825985 475887 120742 629232 674321 939512 662439 694547 610700 441380 495549 369722 521129 787549 315176 353896 981462 308338 739852 452279 789902 118843 313798 700391 846226 353511 995257 3991 874421 230402 414782 356913 40165 677385 247380 720281 643288 740244 935110 833171 811196 17161 857407 685190 273130 504955 521905 123630 36799 411063 828953 456332 633503 80343 507193 524814 670268 374778 197369 750688 510166 76320 345050 500348 955192 405310 813642 511680 607650 437925 445852 440529 35978 778448 902613 700629 345116 690429 878640 599857 145487 335358 475079 674983 3868 717020 453021 352384 569884 392073 307796 790038 375660 791186 132008 229137 249146 671360 63844 880929 770490 348862 788595 482568 229753 631302 835380 279584 806175 416729 884465 14607 147563 376130 767445 462302 791738 643160 411282 639440 18332 857244 493532 865351 273003 326727 447511 462724 943272 18576 128821 910827 130980 225476 586529 979045 664461 933203 26699 711289 575871 109920 122077 338367 522392 912995 782524 606475 44523 686363 725798 298832 981818 883828 585294 324404 979739 79928 713463 5003 94547 631084 915129 450151 162610 482802 805002 739544 358734 917897 145754 98465 746772 850067 691796 266444 73118 400765 133704 745714 540774 566440 244219 332649 904209 692005 958855 743013 569684 489677 691629 809298 842973 881478 265902 501470 610728 801715 861505 21640 942897 563568 93571 425547 995144 726985 427846 503478 650483 409990 107399 725088 201688 102001 537847 283582 798321 138125 772876 721104 717410 983278 622858 608716 387037 902768 802187 620336 621165 858305 591894 756224 636261 42341 818080 583948 730405 18179 647585 574628 873868 375335 802252 429672 17584 411562 745705 95735 509119 588856 827172 602621 605069 560362 854570 604520 301270 886317 173548 266957 912840 538402 126739 833728 612359 984867 779291 220678 597643 145114 498382 935477 183108 969587 545885 251875 795253 914411 352897 175175 860241 144521 211539 775513 266015 476151 496693 898597 17784 713277 499777 498297 850911 94746 431644 359394 819358 562403 317511 306017 964832 480333 388620 99601 464945 148424 357693 889879 988651 438781 80109 14301 349417 190647 241873 400841 896753 49202 116088 193996 520771 177713 646758 164276 620890 89987 154106 782399 989724 199763 802300 970055 131471 322973 434986 12904 359192 874004 525046 946584 847572 483239 32945 486788 522192 713040 59327 942187 110118 980970 106007 599093 185342 839561 707485 145400 728309 918594 771981 322039 540920 342081 924125 302367 829968 162903 291402 436763 397716 869584 116931 486483 585531 760207 96312 621558 452124 90071 877249 897998 106346 93260 975069 905881 985829 423073 751344 319924 814532 354681 546866 701215 88723 527050 697881 345661 376363 445205 836199 112413 706760 89945 891686 519450 540979 994190 442010 866212 678464 180255 443384 419822 78534 158376 488364 342745 623856 571025 992402 38576 633216 807749 552974 945101 852979 255027 585208 640389 897000 92998 779261 504115 338955 333226 793 26819 77563 565736 699089 818806 501172 910546 979439 92913 969081 329597 975010 825033 237896 506424 855588 407292 291250 234508 860524 879452 722780 100112 600570 574198 445326 970747 765338 202451 855607 304796 263377 711768 223718 78066 434044 342629 400895 675380 208301 131084 374921 631384 749580 525531 241032 259420 591303 350143 855725 421333 960201 522490 228450 110523 840189 869257 177164 856259 557532 661736 48440 799525 605048 636559 633287 721328 384375 377111 3715 127523 169882 888155 69709 488114 389378 241276 461254 264934 909447 857069 814138 701889 84528 665684 478779 654177 113349 711507 992402 848839 792009 84288 323182 377699 258416 270337 153426 700867 524221 843931 452706 324937 17393 707317 497633 404358 439003 842441 735366 44592 997563 466521 397655 450714 575897 645948 341411 116779 28220 497525 791864 222967 769677 48513 690852 135204 26278 123219 66705 849471 449855 841555 826475 674771 882448 737691 333249 431331 442244 464122 615309 12348 508111 249283 372724 222479 557341 217145 970288 636820 801785 227459 894200 761371 613113 681185 749152 743106 640530 562031 787979 641732 228931 403108 975559 384881 479091 153265 232689 331401 912036 728839 649906 607095 932070 883191 854077 253719 696471 612798 879375 441650 191796 793781 230092 508049 559819 279637 766149 681646 556663 743806 99563 780469 637642 640233 271330 586086 634023 996501 545146 867213 333509 654364 303252 281412 674393 397127 832027 310532 101806 827184 466429 319549 482831 45469 103133 689929 556693 899571 579283 657786 170106 887099 135910 709691 898517 250104 482891 662561 950581 639502 675674 136152 590145 722712 686894 71819 366054 27530 998222 371657 1585 957109 355013 464895 384534 91835 192270 561923 132375 220983 578150 361379 854969 277485 44461 125317 537837 280153 93158 813809 967996 932682 96780 281562 535556 906103 787189 145178 906863 675602 607606 126545 339997 969613 385186 712858 4557 46543 284402 770868 927635 455585 944282 224934 60400 235767 489750 246700 650033 241262 192429 618467 948603 919883 741306 967628 674262 810832 759896 616886 952783 807083 237522 906440 674370 371929 293103 738133 304722 769878 778402 837308 31853 242418 672129 909236 851727 729020 404579 410891 270695 225055 33252 696525 685914 896329 291502 827901 991464 418617 715756 921705 716588 597690 476106 872906 438151 679402 695005 959981 891637 879181 867256 930008 475290 314333 498637 988599 190463 843828 856985 651710 984906 606930 999347 191016 910719 979945 932342 660562 715129 659121 606997 936017 644459 226933 147853 520087 311217 604753 700755 224109 707833 424738 567663 513354 853676 69110 448278 857392 6267 448048 985880 293691 465114 530616 746246 67127 146379 434 398631 420088 110897 555396 367587 884853 928587 750358 801412 190580 395465 940922 488215 462885 378830 674170 379157 332131 816394 943271 488189 116863 901892 132378 238883 410349 481216 753012 838246 349924 89430 348855 753926 917931 553386 581323 73887 825434 597156 584108 655993 187834 183269 174748 965024 391804 490344 302863 184350 505442 311123 793446 824759 504351 179111 587703 765094 195232 81175 683878 281839 635014 470514 426221 371264 354324 73342 146496 562382 366819 457674 293954 381283 419324 982775 692075 85083 637352 351650 764601 302438 697724 700218 348632 166177 680336 776808 541799 702071 149350 627973 209327 641957 138401 176204 921552 711898 559916 946610 323731 820860 518506 724049 670579 29519 783878 769042 160575 704055 950796 318873 237983 936417 561069 714076 511886 762792 99199 831160 865538 544501 437331 84083 821444 295344 529342 636900 7050 995142 422463 721765 959323 440917 522581 564254 565793 944785 137360 120010 981129 629379 174847 746723 343274 502710 285546 748233 334948 283894 589147 870483 354861 590360 642597 719252 675656 24745 262215 806096 94631 594091 207051 103419 925599 120369 255724 765092 167328 672362 585502 432711 13828 313225 579886 131606 415847 435125 502541 71313 685395 489633 812925 623030 242206 290821 685860 689444 923221 609723 75305 260485 177645 701561 155383 208526 262898 372081 713125 208315 26844 914428 465523 871956 780450 642069 580136 704668 166900 348446 152589 533553 45844 728507 998598 262007 109807 497084 211995 682828 910108 472796 305758 343375 183037 313963 409389 623862 946318 709593 462085 541375 845208 922099 778092 446932 407803 756669 10977 791004 521183 288713 560802 701269 7776 933071 642656 404530 292394 360211 802130 849439 232113 360699 307311 584445 555101 725086 532087 626313 14386 915935 368101 910454 280855 267076 757980 687550 206490 152293 300461 270600 670688 900528 268253 337576 599269 941248 702523 272736 271021 586226 769135 180058 334378 796546 247944 805608 702864 881162 856038 888270 947438 687625 614715 279523 190835 918543 120867 634145 869774 667619 421839 98890 283111 652656 89349 792512 141308 210381 825290 181021 271382 686877 296948 139123 902393 338677 677976 614122 190048 890350 198074 876318 413836 48563 409959 513404 312159 761511 260731 169910 412992 64488 63296 291888 191339 969413 612284 701763 193805 802372 458712 683920 252113 262110 764114 175452 29331 550207 818554 807890 911295 108495 813102 693267 34884 22004 601894 564643 830282 41988 624178 350053 97974 787350 61252 166855 592108 331824 199691 349997 792674 922532 530889 612138 638307 434961 812462 942912 319260 46489 714295 454250 382517 489279 122123 815392 263858 242372 134091 831945 944478 700896 295337 621027 713287 774385 177351 162690 134562 224040 94159 478796 805409 529147 716149 757876
